EXT_ITER= 4713
AOA= 1.145849167413564e+00
SIDESLIP_ANGLE= 0.000000000000000e+00
INITIAL_BCTHRUST= 4.000000000000000e+03
DCL_DALPHA= -4.166666666666666e-02
DCD_DCL_VALUE= -1.225000000000000e+01
